		CYL	PUIS	LON	LAR	POIDS	VITESSE	ACCEL	CO2
ALPHAMITO	875	105	406	172	1130	184	11.4	98
AUDIA1		999	95	397	174	1065	186	10.9	103
CITROENC4	1199	130	442	182	1280	196	10.1	115
JAGUARF		2995	340	447	192	1587	260	5.7	234
PEUGEOTRCZ	1997	160	428	184	1370	220	8.2	130
LANDROVER	2993	256	483	191	2570	180	9.3	203
RENAULTCLIO	898	90	406	173	1092	182	12.2	105
BMWS3		1995	116	462	181	1570	198	11.1	109
DACIA		898	90	406	173	962	175	11.1	116
HYUNDAI		1995	136	447	185	1751	184	10.9	139
LANCIA		2776	177	522	200	2315	193	11.5	207
RENAULTCAPTUR	898	90	412	178	1180	171	13	113
FORDMUSTANG	4951	421	272	192	1720	250	4.8	299
FIAT500		1242	69	355	163	905	160	12.9	115
HONDA		2199	150	472	184	1632	212	9.4	138
FERRARI		6262	660	491	195	1880	335	4.1	380
SUBARU		1998	147	445	178	1440	198	9.3	141
MAZDA		1560	115	458	175	1490	180	13.7	138
VOLKSWAGEN	1598	105	425	179	1220	192	10.7	99
JAGUARPACE	1999	180	473	194	1775	208	8.7	139		


