X1 X2 Y
-1.68142693965664 -1.53481116656874 1
-0.69053246844984 0.710813637382892 1
4.67612494244737 -1.62476751486509 2
0.211525174273728 3.65768294112922 2
0.387863205482839 0.522407625318448 2
5.14519496064984 -1.84580494828943 2
1.38274861796761 -5.42067889225598 2
-3.7951837038196 -1.93104331768812 1
-2.06055855568058 6.13805655639845 1
-1.33698591029987 -1.68228726339319 1
3.67224539231838 -2.50799791755857 1
1.07944148117209 1.95884250833354 1
1.20231435178216 1.3238793745288 2
0.332048147835359 2.25488716977383 1
-1.66752340426222 -0.833925255466012 2
5.36073941040923 3.36796264877902 2
1.49355143468772 -3.51782658059403 2
-5.89985146988891 -0.146630303920977 1
2.10406770469106 -2.11242101165387 1
-1.4183742231838 2.04227591405155 2
-3.20347111796054 0.390020284206409 1
-0.653924743974885 3.32912424531041 2
-3.07801334492172 6.17550260694404 1
-2.18667368787342 0.421966595174952 1
-1.87511780354777 -1.60384995659515 1
-5.06007993222724 -2.47055017955611 1
2.51336113348357 -0.789101946691934 1
0.460119353509546 -0.208805509081134 1
-3.41441081103584 5.97540574416172 1
3.76144476320978 -3.38732862821331 2
1.27939266443044 -3.27965230957465 1
-0.885214448976813 -1.22390007095334 1
2.68537698313507 1.76267839049494 1
2.63440046259913 2.46333557921222 1
2.46474324491246 -2.72380409772554 1
2.06592076230027 0.381115819048765 1
1.66175296061277 -0.128678933692729 1
-0.185735131730165 3.5856194112773 2
-0.91788799121975 3.26757670950616 2
-1.14141300303715 -0.936842083303563 2
-2.08412093676154 0.137981299985759 2
-0.623751834058796 1.95816784020463 2
-3.79618905470479 -4.9604779097909 2
6.50686789601554 -0.930812896440137 2
3.62388599491497 1.72461865200744 2
-3.36932574961005 -1.56969646314036 1
-1.20865450589723 -0.179754604044566 2
-1.39996606086966 -0.0630226063011208 2
2.33989535500895 -2.17095964294894 2
-0.250107199415488 -2.98343950853517 2
0.759955541984264 -0.599601704994384 1
-0.0856402660461091 -1.04108346842126 1
-0.128611371873948 2.50228519698436 2
4.10580685204337 4.58964663748477 1
-0.677312956977803 -0.0357671380999416 2
4.54941181328862 1.19601597747464 1
-4.64625841269066 -0.211245941717187 1
1.75384124890821 1.80407953164339 1
0.371562731533841 0.655486386836392 2
0.647824706231918 0.709786505580626 1
1.13891844827965 3.33874538284801 2
-1.50697035932791 -2.96226344818636 1
-0.99962215100826 4.34359203937648 2
-3.05572614932127 1.04733723653949 1
-3.21537367942673 0.542466032136584 1
0.910585924212774 -1.68072555339174 1
1.34462933588828 -0.491632774747588 1
0.159012680191512 1.12105441329133 2
2.76680240363921 -6.19114277219527 2
6.15025405688143 -1.80456584651428 2
-1.47309349816961 1.75797483691743 2
-6.92750662692244 -0.883445359055325 1
3.01721557338677 -2.40158263645279 2
-2.12760228774718 -1.90708359340497 1
-2.06402584940207 0.70724709724213 2
3.0767141090901 -4.90449715454253 2
-0.854319021153027 2.61368772174662 2
-3.66215313676361 -6.50680402330784 2
0.543910439247451 -1.51001856694668 1
-0.416674087317134 -2.36154743692046 1
0.0172925576996608 -3.74580062864526 2
1.15584120337899 -3.23372202033886 2
-1.11198009537723 0.750232060816806 2
1.9331296455565 -0.35932209364764 1
-0.661459685456252 -0.902557897358581 2
0.995345891747091 -6.96229132674557 2
3.29051703944804 -3.97296213448736 2
1.30554447250141 -0.393921337388108 1
-0.97779475659368 -2.63410545903918 1
3.44642285535328 -2.39030679093302 1
2.98051156788636 3.14862213899311 1
1.64519087852421 0.526765045552024 1
0.716195205334324 -3.13153386491631 2
-1.88371822811811 -1.40608804500664 1
4.08195734559002 -0.854710444652609 1
-1.80077876144138 -2.04088554370531 1
6.56199897904973 -2.89216083148369 2
4.59783187855557 -0.155412246001183 1
-0.707101077301431 2.22358415855929 2
-3.07926270092034 0.680556010701886 1
-2.1312196910979 -0.600441038147283 1
0.770651127469589 1.16346073430647 1
-0.740075635387121 2.38175510115449 2
-1.0426277981932 -0.421541874745091 2
-2.85485570179505 1.36741559683762 1
-0.135083174426761 -3.43671872125789 2
-2.35471340837123 -0.748952064506612 2
-5.00382580976441 -1.26089482648213 1
-1.14067956086329 0.586993510680123 2
2.7569898271823 1.07195854152895 2
-1.72604088782518 -0.370853936992013 2
1.8238929666751 -2.2986426683694 2
-4.85364812486749 -2.78914265035416 1
-0.166685896573618 0.835561831806238 2
1.55822161183039 4.07051055682625 1
0.903460086500143 -2.36140678478909 1
0.31702858244683 -1.15439601689158 1
-1.92211802491613 0.992041680755828 1
-2.54911303810075 -1.66386135018849 1
-3.07238637181474 0.364716944461358 1
0.352939791300378 -0.142788350935081 1
-2.84242384255441 -2.32875477170005 1
-1.47167233110201 2.49432375341493 2
-0.768276576594742 2.53892351166891 2
5.53158601569662 3.0724185199716 1
-1.95584970508638 3.80398975854713 1
0.706159716854571 -1.51908536376773 1
0.233882548691132 -1.39344568952492 1
-2.88556990239039 0.783654001475221 1
-0.213924258370796 1.89024292965488 2
4.33365257527005 -1.01887846867471 2
1.35451215923764 -1.27003442520144 1
0.12369876597882 -1.85481458266396 1
-1.26749049701887 4.44660567218023 1
-6.15974166462155 -7.52449905612443 1
3.39401164024253 -0.502734101351639 1
-4.38192021277447 0.114638631160602 1
2.219842532632 -3.17882880898071 2
5.72731070765245 1.15627768446191 1
-4.3316794829154 -5.90126305143032 2
2.10535300612413 2.86490658333576 1
-0.786592468207404 -4.99008175461179 2
-4.71643247743646 -6.60820464029108 2
-4.54400296134525 -2.29069147737609 1
-4.80460852072378 0.486241181736964 1
-1.59271956651091 -1.95470149429249 2
-4.3852667549877 -1.67786098583286 1
2.06375031892748 0.999614925173338 1
6.30032682157701 -3.17670276446535 2
-3.86109142810554 -0.257548637281418 1
2.36321654242553 1.49379897878818 1
2.30712672300273 4.90196897012583 1
0.996607736850353 1.43835564372059 2
-3.02512982483102 5.14428897650028 1
-0.358357819891976 1.35948010058915 2
-0.84118600551074 -0.00972338047608075 2
1.68896859966144 -6.76960456874818 2
-1.11731626831149 -3.67397565579193 2
2.93092016005686 -0.95688787121467 1
-1.12374257330104 2.13681136756135 2
3.158134396738 -0.967540719534511 1
-3.1475310199982 1.63094586376451 1
-3.78046573427434 -3.19143405551622 1
9.72311980482721 -0.822389152051671 1
-1.2505727644813 0.65101809743145 2
0.894682774622146 -1.07815715449683 1
1.90970902210155 0.338495084949451 1
-1.45134187712623 -2.01224407815977 1
1.55058613294083 1.12303566977851 1
1.10689358215526 -0.243164677533772 1
-0.64614152292508 -0.141148039959386 2
0.195879100575946 -5.84636125933844 2
-0.102201761215392 -2.02100574383622 1
6.38535569704854 -4.46893225469474 2
-2.22400828881849 -4.81715417286091 2
-3.28798880122399 -1.48164930253571 1
0.113365197513236 -0.48239510323681 1
0.931442248329411 0.850800677401858 2
1.30957043673055 3.27378795090097 1
-1.37509599813332 1.33320089076775 2
-3.18997840191357 3.03621102227543 1
3.78955552826847 -1.5789308629036 2
-1.04895116386066 -0.923520519566361 1
-2.59653858796012 3.25550665327876 1
-0.70883870682329 0.00362155181431135 2
-0.591527683045657 -5.04073414705012 2
3.32976086914092 -2.53966655727637 2
0.254211876591589 3.0227761794982 2
2.26216135555356 -1.83221177303238 2
-1.49787605151678 1.00033239833137 2
0.643335928744804 0.0426680870419353 1
-0.974057734472504 -1.48907282204899 1
0.283750584520714 -1.05235917721914 1
-2.68609007393262 1.17516164357428 1
-3.93240459998392 0.628736486676736 1
5.9916401542439 3.7040104196975 1
1.80212647101725 -0.59945935330481 1
-3.75381408487483 -2.76962412608005 1
-1.83349775004126 0.49770930473833 2
-3.55644025379193 2.11600365973254 1
6.59643104665116 6.84590086718098 1
3.93723892930053 -1.3910490393112 1
-0.795435170089059 -0.9790607157248 1
1.62958217769627 2.64747963119385 1
-1.24301984375658 3.84385837951339 2
-1.42874068384674 -1.97604556981493 2
-2.36580851355073 1.99371136483324 2
-1.78385180237853 -1.69547254212702 1
4.95272240201007 -2.88653481072672 2
-0.162084375256321 1.87008270570077 2
0.357735709282752 0.319493316603213 2
0.731062288797276 1.16799263442666 1
3.69742763545601 -1.74151049016585 2
-1.54819149283434 5.38493386778029 1
-2.97752145117611 1.99586402714312 1
5.02709079720957 -1.1232072769561 2
-1.32348965071586 2.10824679303138 2
-2.16919790981962 -3.64354315168103 2
-3.70881935664988 -0.413250380847681 1
-3.85414716695339 4.21007369604157 1
-1.72192043789396 -0.566517934813033 1
1.85395745149959 2.73147111598665 2
3.32954441678916 -0.665766000569737 1
2.12276506150676 -6.89407920091867 1
-1.09097189128576 -2.64063763669829 1
0.179249812153802 0.668207067104911 2
-2.11378939104021 4.33965813280202 1
-2.15165448472203 -1.7802063750025 1
2.65395149693076 0.827937034147653 1
-3.04677773581063 -2.8944578684387 1
5.86588189647739 -3.0493687240014 2
-0.270958781897555 -2.33194993025047 1
0.643616479887649 4.10718620200074 2
-2.21558311421872 2.8209302697327 1
-1.72316606928981 1.7809954719531 2
-3.95104839691573 3.34638766030943 1
-0.548776165118182 -1.27327499020052 1
1.25694721477339 2.27873081067936 1
0.97291303248414 0.628887833614648 1
-2.34460946116425 -3.14730277443845 2
-2.365865912562 -2.49318666684523 1
-1.50659615502858 0.150158795757437 2
4.48818200953905 0.616890184489633 1
-3.41191086199724 -0.964075255982934 1
-0.537154783140595 -2.98947373135961 1
5.70708546503678 -6.27267582146747 2
-0.302924655986425 1.2757064383233 2
-4.07952211146418 -0.88581512741129 1
-1.99430830582219 1.64748264954384 2
1.45637993671463 -4.63767543975049 2
-1.12680861500932 -3.76000780593733 2
-1.68562909064935 -0.333995624015903 1
-1.03175170238538 -4.23844060689511 2
0.271489941417664 -5.94886155216213 2
4.79552631343748 2.3507862235007 1
-0.265695336416652 2.7026080192486 2
3.24239848845455 -3.08989092601351 2
1.8922623469517 -0.816171805699779 1
-0.340919686518422 -3.40191871551376 2
-4.59870600867179 0.949280750258953 1
-1.56335195265756 -0.0890349030059747 2
-1.46961135941542 -2.6083813528781 1
0.141463298284582 -2.32265263168856 2
3.90059603300046 -3.18624358028459 2
6.87923692149328 1.30912278657763 1
4.64274317695131 1.7130265434423 1
-0.399452892986833 1.12942468324766 2
-5.26958218667291 -2.52866909224793 1
-1.16633959221523 -5.35850888470582 2
0.267621669219884 1.59262698946342 2
2.53503901220231 -0.531176842182956 1
2.88758390545281 -0.11817704991449 1
2.05292828824939 3.09638395462016 2
-4.1858230493984 -2.6805475032048 1
2.54892913690007 3.43204597705504 1
-1.33967164928167 -1.23957448563879 2
0.524408100483767 -2.13956346526804 1
0.223653531521204 -0.617238431452702 1
1.28450029491152 1.17005918652854 1
0.0740249484784198 -0.621646935767171 1
-5.00242529275699 -2.70152166164358 1
2.20948789432033 -0.844872836372336 1
1.15807970504903 -7.62579330341394 2
-0.796954875834667 -1.52553504561733 1
0.354433533140042 1.36789865261708 2
0.40211593610539 -0.50777932359626 1
0.663058405683006 2.06498316678368 2
4.92253849793246 1.45794730192338 1
-0.657151136800427 1.93694023906676 1
0.504196151653973 1.96813483507645 2
3.50515161920728 -5.2157422841228 2
3.16254307013076 0.0124790400553292 1
3.43578933114107 4.89020200382048 1
-1.73240400317867 -1.44145568113326 2
6.00744819087849 1.35840732726169 1
0.200102612790549 0.430181192939809 1
5.60055553412059 1.67103667556407 1
-4.05270805809213 -0.816090351511543 1
0.0629507590627124 -1.94489788954801 2
3.74974371290765 0.215882533096935 1
-2.14572656166839 0.62344449211024 2
-2.25806690465323 -0.555996869051594 2
-2.81561611082068 0.0943219950793387 1
-3.15753983801621 1.23405580107233 1
-1.3114785995412 -2.32855167138739 1
0.993537518876946 3.41903297159419 2
-6.04263149376216 6.60228081223976 1
0.635941300116875 4.43161598620452 2
3.71002513924971 -1.3632535521227 1
6.11272205472131 -5.46866180709734 1
3.90352797660176 0.162593871328785 1
2.27032429138788 2.64081966181221 2
-5.18019119734299 2.334320093807 1
-1.80452012402035 -3.68924032413523 2
-1.05613936974785 -3.33944553223024 2
2.11057170827068 0.401233904632911 1
-0.317014002011323 1.87824403613056 1
-3.77594588418052 2.61879499156638 1
5.05330712428234 2.44917593681687 2
2.73417387538789 -2.90392647589947 2
0.712290817473077 -3.93781516859996 2
3.65432583097743 -6.03755933387785 2
-4.01632286170492 1.51479809318345 1
1.9824608933694 2.48433469730828 1
-1.56873712894027 1.00755206647513 2
2.05123656555214 -3.17737333803394 2
-0.182465863980223 4.70315024984804 2
1.89888213909435 -1.11043987309017 1
4.00655284517818 5.33711508448708 1
0.0218702709506964 1.65420601524173 2
3.05267591085628 3.57093193525657 1
-3.56530210544394 0.991806678883217 1
-2.16481332130805 -0.193956684299633 2
4.55765313416453 -3.03764420511964 2
1.13216391907179 -1.67554257057408 1
-6.15666846130119 -0.141323508829276 2
-4.09211235624713 0.846222203955129 1
-0.602343046767364 -0.0996576369932893 2
2.59733821300346 -0.53391596728025 1
-0.305649767145667 0.550456550826183 2
1.87256241606196 -1.57311612779255 1
2.87701613336348 -1.60781236901853 2
5.01316448658882 -4.36711410496807 2
0.168050199824886 2.53881441080402 2
-0.155945718542697 0.140797104004572 2
-5.25971207742681 -0.250872700282043 1
0.297982782263482 -2.22275584432475 1
-1.71555017368669 -0.74332159170722 1
-2.92202874841227 -3.26034856710389 2
-0.539718693142621 -3.14789205705825 2
3.04482951823097 -5.75685531511979 2
-5.97824546606575 2.94509631794531 1
-1.28183786161629 0.377892246435892 2
0.349911850748119 -3.35032912666329 2
-2.67962271016486 3.49135981123771 1
1.00170882749768 1.87377505010735 2
1.23428976184719 2.22714682375399 1
-0.0991084778279752 -0.677311700828454 1
-7.39769458128008 -1.26861601975697 1
7.71437443759991 -0.294158706019479 1
-0.615897772404598 1.21407196871274 2
1.95357984476301 2.39974381992335 1
0.821299473109644 4.76840744987079 2
3.07401970445505 -1.52721121241181 1
2.45297833912226 -3.04669424445444 2
-0.629379513685526 0.302575996831287 2
1.13450331662552 9.06631255587116 1
-2.83622649337168 -1.28584753525111 1
2.57076903269796 3.43704365335428 2
-1.38311501665306 -0.729294628755278 2
7.25032006136463 -1.43562971329163 2
-4.95314668706456 -2.13125136662267 1
-1.39196172889804 -0.63373388315281 2
2.47613958827773 4.9253534126263 1
1.53039764063599 0.905540161690318 2
-1.768443115545 1.46198736964585 2
-2.99034222662257 2.51620737729678 1
0.43342711413209 6.21522453865801 2
-0.0429222395007402 2.32685652623859 2
-5.37084371179218 -4.2813340588558 1
0.103653201401553 -3.10053400639844 2
0.570690947077371 -4.76836534077548 2
0.524179190945525 -8.54564030968136 2
-3.16505112780804 3.87220178337782 1
1.42839983490789 -1.48117162284722 1
4.13571041087772 1.18491203311805 1
1.36870920953944 3.54485355943174 1
-3.40676541112303 -1.53549808374141 1
-1.30693640907572 -0.404902945986663 2
1.03831085866082 1.05076853857336 2
-1.94113689395481 0.677637665452874 2
-6.47293900504583 -2.32294574876431 1
2.65275246008463 2.19244683001977 1
-2.48843283487355 1.6369065847274 1
-1.72068081230485 -0.865347887764472 2
4.5117018270136 -3.66714273257701 2
-2.32243478881622 1.90000078670576 1
2.53719462056789 4.282558967745 2
-3.78204863645633 4.14155248016807 1
-1.06362720922193 2.61790370038601 1
-0.220668057409435 -1.44940520595682 1
-3.50595427327307 -1.59404075847165 1
-1.90424479472673 -1.7630542697577 1
-0.0865246587849433 -1.23509360696251 2
2.01208790620179 2.12755686376015 1
-4.95163963027533 0.76919026060697 1
-1.04926271763381 -5.5690817589144 2
2.26921931563645 -5.58176288944336 2
-1.61642747993278 -0.0685022812030566 2
0.681875765018826 0.449816241843117 1
1.47668571019329 -6.92242302610588 2
0.803505045995049 -2.44934167743632 1
1.95977303841414 0.0826834550900517 1
-0.36812598293214 4.38535774552943 2
-1.24102954077636 -6.03860618496685 2
-7.92944685608694 -3.76633283394593 1
-0.278823055438416 -3.24092054165467 1
1.29085408907996 0.526188235946554 1
1.60619652260445 0.992517664242758 1
-1.66583505393975 -0.962067693901178 1
5.33850872932545 -4.83698606384996 2
0.859273258886474 -1.89165725059296 1
0.378947575376657 -1.68145795996766 1
3.81680033840556 -0.607743853251057 1
-2.15539866395778 4.86865554339503 1
-1.35101587177414 -2.03031159131399 1
7.19235744014929 0.228793215416073 1
0.0333875616626639 -2.11619502488073 1
4.90070526422492 -3.72068354713176 2
-4.31551993474357 1.9078436936058 1
-0.571550406128704 -3.15188603895824 1
1.1352717109105 8.20562756886658 2
0.900115635617393 0.277688813481644 1
-3.01690877853251 0.180760728236029 1
0.0577778238761124 -0.199635633032581 2
-3.23226195933595 5.53093662012018 1
2.13810997573285 1.99178133121082 2
3.25432526958194 -0.752971931243906 1
-6.67496308946224 -3.49856941983251 1
3.70708038690043 -3.11618328215233 2
-3.72313349042547 -2.35496791601193 1
1.3643078069479 3.64484529293493 1
1.97970791442782 -0.566944727312708 1
-0.5996694843043 -2.27159586803948 1
-1.93534187057938 2.37617843364082 1
0.495963063726151 4.03554005706652 2
1.31645610214336 -2.08359445221395 1
2.64990845984611 -1.33479763212712 1
-6.15701095170586 1.03585256017136 2
-4.90913780417707 -0.0145333096079008 1
4.29120702356455 1.21909941445433 1
3.13988654133464 5.14259557731429 1
1.30586684672305 -0.181159662362893 1
2.14553522133318 -0.842106802602728 1
2.75152475292301 1.45624338268337 1
-7.98276839539704 -0.148033589219886 1
3.33083128991646 1.88329518459836 1
-1.45496278968697 -0.67191345426077 2
0.691850491893605 1.33056814320332 1
-0.885473402650732 -4.69122212270368 2
2.61589486223623 0.0417109749101749 1
-1.04541734686683 -1.54864796185105 1
1.55551129766474 -3.57162772655258 2
-1.17205493591694 -1.23920762351108 1
-3.27836162730452 1.11598483626872 1
3.63003153132079 0.277028892061391 1
2.22270003382282 2.08045128756338 2
5.17278671746936 2.82269772946064 2
0.19546179773791 2.48539208918358 2
3.37500823748452 -0.973467529426043 1
5.92625716205723 -3.98446859417117 2
-0.8444463451169 -0.841004909737085 2
-3.96885333826565 3.50896630953245 1
-0.718054701414349 -0.364429094724216 1
-0.64212371995615 -4.91187495313535 2
0.455041513527959 1.47414966860933 1
5.13691493195785 0.845457932080113 1
-0.978431677516044 -1.20181006557655 1
1.11901396741475 0.520084508568008 1
-0.683052194686593 4.108163008636 2
0.0613521255750976 3.89758828127052 2
0.942172990518787 -1.36889068063638 1
3.98464408811096 0.031994585574168 1
0.363955132472334 -4.36226743480272 2
2.13852696009334 -2.18325997790623 1
2.3365800893506 6.02472119239554 1
2.7443198125669 4.49402905653285 2
-1.72318365655315 -0.687764175849401 1
4.88064364258403 -2.07739543590832 2
-1.14287021788204 -4.09986989150521 2
-0.317352502949255 6.37815556129109 2
4.21215080314251 0.343889174515422 1
3.88225171843674 -1.78184672810135 1
-3.26997561723371 3.23420201385376 1
-2.61921300125239 -3.29875749857674 1
-4.07423717811184 2.17969259281936 1
0.545541577859496 4.3226109067158 1
0.494522603755398 -0.630510478864993 1
1.09234406206519 4.35384283165011 1
1.65647314265567 1.92465429422775 1
-1.80567853795505 -2.03642285663988 2
-2.98109577329614 1.72293820904238 2
3.08035516822471 -2.11354357886679 2
2.25318390781897 -1.60195217168981 1
-4.5274996119861 2.32315381985297 1
-0.28544235254786 -1.42686418601641 1
-2.6878434682695 -0.0732821366605502 1
-6.21225321162589 3.0570242888531 1
0.45036039356443 -3.61674118679567 2
-0.237635127775765 4.7858816024161 1
-0.292107802539243 6.12586637997901 2
0.648457625403698 1.84344375012993 1
2.64739549318976 1.26579352241047 1
0.61679251345016 -1.48926500307969 1
-1.84930752862059 1.4728842384781 1
-2.20439775576384 -1.50594650881054 2
-0.395408379123543 0.864509454754849 2
0.930050959736855 -2.05987802472338 1
-3.11904105810612 2.3652113580915 1
-0.552926606527151 2.07410652289106 2
2.90180178050374 3.72899702415398 1
-0.324840273703458 5.9466291372875 2
-2.09526200278317 -1.93932550385744 2
-0.827835505276619 2.89856787668205 1
3.34394563608594 -4.28180234128563 1
1.65013188364241 -1.37245127594407 2
3.71002740024482 2.83640005382539 1
0.417293571485313 -2.21516745110717 1
1.23082528947128 1.03692209963371 2
-1.6753707370444 -2.70133408168581 2
1.816112006791 -1.11105211234518 1
-1.51900062656772 -0.122390779350187 2
-4.26169651408723 -1.83695629921813 1
0.383978897052377 -5.8375562694491 1
5.83755365319431 0.729288988582726 1
2.40274301871918 1.42470028621358 1
3.49576016983878 0.410143722183427 1
1.07656716927946 -1.46624317706493 1
-1.82567153494867 2.70061097178131 1
-0.606722565330851 3.23260698018425 2
-0.819744320435776 -7.12101256814976 2
-1.40609933934626 3.37372451258734 2
2.11250185178915 -5.33864324146053 2
-3.59209050709624 -1.03365108730628 1
2.59909839633832 -3.32751934127783 2
2.59245745867768 -1.89031734876928 1
-3.59586707720625 3.95065130617272 1
1.9184759937016 1.60354016485222 1
7.29067995703353 1.48169425722564 1
-1.67164644582483 -6.23397729403444 2
2.53471272422422 0.588976028224693 1
-2.34660553685821 1.88640946162169 1
3.3321342546084 2.58284143018085 1
0.749474159779687 -2.91974205142569 2
4.95574617486949 2.81262915609197 1
-4.37691218561075 -4.1856173348858 1
-0.153893658376084 5.216229056629 2
-1.58077552837679 -2.39590287073061 1
-0.591794607228897 2.29507316030804 1
-1.88873622805801 0.953734035406307 2
-2.501530741605 -3.19080155283866 1
1.73616712384935 3.43277596820579 2
-3.26274214223078 0.100130527882175 1
4.45209279466885 2.45522332454354 1
-3.55861975594125 0.654576257466617 1
0.303237454185839 2.60549175722974 2
1.59896786047944 0.0650415626942315 1
1.76020601727788 3.34568594907904 1
-0.905239991599141 -1.05654259473338 1
0.238505985985203 1.5818649547464 2
2.88379245542903 1.13571456673183 1
-4.36939775122928 2.53157933129514 1
-2.34521913459625 -1.8631274848706 1
0.961206942949831 0.533074493603598 1
-1.33434593501097 -1.74049523739555 1
4.110011981913 2.72591347720033 2
2.01976159006451 -1.91005913842525 1
0.216500257244268 5.19671608913024 2
-4.52327195261004 2.37111480611735 1
0.0783006759787254 -0.0411239365615194 1
-0.949247604590979 3.61858942561747 1
-0.307039540561794 -0.253772820414755 2
-3.54467768116706 1.6897868449081 1
1.49597413148977 1.5845832000453 1
-3.1168693209211 1.26911529723098 1
-0.678665944327229 -1.79029268912733 1
1.14427748835406 -3.75253283280359 2
-2.35054736703914 -5.04480212932149 2
1.74897421704019 -1.36888907700381 1
-3.94953120495508 2.0483795766074 1
-8.42932403688162 -0.71711245050846 1
1.39490397235756 -3.61005280040382 1
2.521619480883 6.46943280585024 1
-0.857536270774152 2.10602826914583 1
1.51237876377482 5.8398543007969 2
-3.46774957525101 3.63910906116386 1
-0.381445820476987 -1.83413735509353 1
-5.82455512812185 -1.23576360974036 1
3.54354267431557 -4.32204293480913 2
5.57973258462948 2.22142035932904 1
3.22203678084597 4.87097775668201 1
-0.0820408992412254 -2.76145463421779 1
-0.0999910268277578 -3.60659294045753 2
-4.5482028694533 2.64803420509345 1
2.37115603166468 -4.54943710680219 2
-0.632202542075327 5.76483467330562 2
-1.97022877608323 1.71640733341874 2
-4.23607737797493 -5.14468516151567 2
-0.899287489938817 1.06475668719727 1
-2.54718340505012 0.315545597432983 1
-1.19109156098351 -7.40524059955402 2
-3.65279996329079 -0.125574090971858 1
5.06276844883709 -1.76178230360111 2
-0.0480075816239066 -2.66189097827176 2
3.22483523181716 0.716150459252045 1
-7.80509901077296 2.55267090688142 1
-1.35959348998451 5.18102649964215 1
-2.02644687477621 -7.89752293828623 2
-3.66877853809774 2.23083398342989 1
4.63982746267228 -2.85705333400588 2
-4.24584575930847 3.46899049614153 1
0.955170781224076 1.03758502247351 2
2.53930885673908 4.33487151618129 2
0.534570565254069 -4.44828391726997 1
-2.62576643248655 1.48389389288652 1
2.8234974201725 0.885478014103899 1
0.511764245522514 3.14358673775828 2
-3.19049371914613 -0.693505525904997 1
-4.16414714280618 3.43205053778622 1
6.26015230347944 -1.33488262642764 2
-2.03550943625531 -1.28771221167933 1
-5.56671496175412 0.0761379043673529 1
1.59977808826096 -3.20775651714689 2
0.930690768182686 -1.36971492250286 1
-4.0615030071678 3.33001148544725 1
-5.82886924074585 4.95548611291718 1
-0.348907551475817 3.34276403888507 2
3.41818887512827 -1.27459552556575 1
1.90837210554645 0.955439656618858 1
-1.47881227248593 0.295468946834229 2
-2.50256469475313 -3.77708241880739 2
0.813200270251635 0.772224633422145 2
0.472060041648473 -2.47287998301543 1
1.88913524007818 -3.18187265684141 2
-1.18739385086669 2.17651638409772 2
2.6980621596093 -2.12379566131902 2
-2.49243458200875 -0.432146251528845 2
-0.991634100359889 -2.9211467306443 2
2.22244357117771 0.16783327755942 1
2.96991482588134 1.47703965945147 1
-5.81551410436014 1.50763576400073 1
0.321571221048459 -3.22577393168816 2
1.82633703520389 3.77412675007973 2
-4.35247294047189 4.47891513913317 1
1.44187679962565 1.11873127923225 1
-2.48452281119039 0.47243864365304 1
3.06075903649329 0.232028709963242 1
1.61544609630792 0.77263783781924 2
2.30715688498683 1.12927076616791 2
0.362157987861103 0.410470856844506 1
2.59094530247326 1.9614695127442 2
4.14154358494361 -1.0073056271326 1
5.8987440463669 3.38803478550652 1
-0.085185164247195 -0.113048435311871 1
-6.74715327099721 -5.26708204960849 1
0.0945780137819751 -0.29916110815021 1
0.616683625349924 1.34106135796162 1
-0.466036041433196 3.6900950185011 2
1.70486586233122 0.180631297845323 1
3.03203389354279 -5.820207605013 2
-1.55394729050346 0.0144952977760841 2
-0.882285981468331 -3.59763576590242 1
1.19352662640102 -2.92831711094925 2
-1.65067122446741 -3.07688115370491 1
0.273802150464706 -2.39768077353769 1
-5.88512279665591 3.41138727167008 1
-3.35969916419287 -2.49458669863153 1
-3.98326642681238 -1.3171883218589 1
-2.56087109018172 0.552520384200758 1
-2.079913583792 2.67113887673757 1
1.14691542763911 -2.00011503022495 1
2.94633900756792 -2.47867159160999 1
-2.18215058726261 -1.55584716664152 1
-2.99051694713401 -3.51515609770013 2
-3.12506657696853 2.76010004840944 1
-1.24376617909102 -6.54587440229683 2
-0.717087204457692 -1.5830762320647 1
1.45085260151481 -4.32342006628163 2
-0.96397452650517 -5.87035435256933 1
-6.23546780658007 0.0859745912377854 1
-0.274302826650415 4.61470698396833 2
3.56156043195467 4.90392106439946 1
3.57480380553098 -1.68832862505829 1
-2.36688965433369 -2.09086712555473 1
-4.64332963091271 -1.61467891041476 1
7.37418147559582 2.13033069535155 1
-0.487265827438258 -7.68509088894006 2
-0.292353750316852 0.743101423266871 1
1.26172256609444 -1.21662114302266 1
-4.84211836985736 -2.23181549055331 1
-2.18465733357386 -6.01836009396037 2
-4.62132721587003 -0.617479253348858 1
-2.07928384203179 -4.9471703173676 2
0.356548299013683 -0.0459236195770095 1
-4.09412837396074 -2.68470503254026 1
1.76994803810194 0.138959172550699 1
0.868032086452007 1.38301223815135 1
-2.71264507686192 -1.51121630159383 1
0.678974827143191 -3.06719536864801 2
2.24424348748153 -1.83522668709093 1
3.18328575978523 -2.00218050964348 2
-0.638544835939583 -4.47982748716641 2
-0.280910381733137 -2.34185464171859 1
-0.260142404945775 -0.580215404571459 2
4.32438526816513 -0.662499929398198 1
3.37521567683398 0.988625219661875 1
2.50320470327112 3.87562716937062 1
-0.862022399522078 1.0010130949916 2
1.11972430249922 4.42736092422617 2
1.20987099366209 -1.94377789416092 2
-3.12501988286797 4.05200523000099 1
-5.18491354596223 1.78022672345282 1
1.92549008295485 -3.5751266557021 2
-4.58793159354127 1.20651303745567 1
0.00505106545262973 -3.71307852170843 2
0.750743464044993 2.84169202707514 2
1.69160217091765 -1.61923843508275 1
0.568278712544432 -0.708330561109857 1
-2.19856141889138 -2.0386094668297 1
2.95909757968638 -2.55653487709289 2
5.21590130071874 5.10641912759035 1
2.64353642677633 2.97541356870832 2
-5.83095270397193 2.02563923108234 2
4.19872855620883 0.220859877011811 1
-0.168167838558804 2.20900144365542 2
1.57474283795787 1.98513833074785 2
1.86609970761318 4.81056179514386 1
-0.290058219620115 2.55011933463732 2
-0.225789592946179 -0.618567019372542 1
3.0574712079927 -0.644678829779687 1
2.13480576745873 -1.40421769300838 1
2.97078673813269 -1.0912156824475 1
7.14878008569098 -0.710051818486581 2
1.99324759108226 3.6686422487948 1
0.622143472155921 -6.98507889809427 2
-6.63189933172686 -2.10553748523102 1
8.07514200973835 -0.39864215809997 2
-1.44803046538892 -3.8497752112596 2
7.12420414528618 4.8573018303166 1
1.12393070401496 -0.701844903035574 1
4.61529059669038 -3.35075439364077 2
-0.329130963528716 -2.67484136043203 2
1.53441226409438 2.61718548754032 2
0.641873938926785 5.60702802151227 1
-0.558362098120487 -0.372805511436723 2
-0.361181473867481 0.321086422128938 2
3.03850300753276 -2.84560518016531 2
-0.604374440914499 3.94993413218755 2
-6.1130474833224 2.16797077903791 1
-0.587667746489483 -6.98776038857259 2
1.61937181660882 -1.93569763745258 1
1.84936714905432 -0.702352483024586 1
1.8497034524323 -3.32448202014158 2
-5.07630456260724 -0.81967252680647 1
1.10622617403358 -3.40032346279258 2
2.90357762984119 1.07792386119172 1
3.82973604440297 1.00693429159541 1
-0.674883813132348 2.43295305941814 2
-0.965677758548404 1.24936840780071 2
4.46351349563412 4.78234211656159 1
-5.00378413733796 -1.1584136318643 1
-1.31048993073937 -6.45991010230929 2
1.37238623807236 0.076977639239661 1
-4.85332129614368 1.94954653507649 1
0.838883587295272 -1.20370679853841 1
5.63359206315658 4.20262943289873 1
-0.0121819603090217 3.28430603605821 2
-0.835362074890759 1.61247989676365 2
1.42473514210216 0.209324273323832 1
-0.83721651236192 -1.65450189958136 1
2.44020112223719 -0.530830103345828 1
2.71330639334909 1.40753354300977 1
0.00807498369036272 2.90339036474307 2
-3.53007647324918 -0.888343970442996 1
-3.95466218237726 -2.18475977527091 1
-1.77899209696595 7.4268175855983 1
2.39214150164951 1.5556715110491 1
-5.87461552397078 -2.71080961601236 1
-5.65897547619764 2.79293716902975 1
-1.96133947428031 0.185059493693559 1
1.18318454394175 2.4803677455649 2
-2.74069814449498 0.155390857682487 1
2.66024711128818 -0.175287153735629 2
1.00010991046555 0.271834862136782 1
-0.51191885471583 1.23834239115764 1
2.45648440959534 -1.83025719463179 1
1.1650954884581 -1.96608969081942 2
-1.33780508163647 -0.554337618418082 1
0.69334480325448 0.513904294911268 1
1.94254007393277 -0.952129365808189 1
1.06885003458614 0.950953687373705 1
-1.97403062384844 -3.30520623780599 2
2.56560661519258 -4.29287535860213 2
3.45880867667585 5.67603189752425 2
0.82882366963001 1.19363133918093 2
0.432313987386561 -1.19108440018374 1
-0.226875242339514 -0.83987354547109 1
6.48424753890836 2.35535559313068 2
0.828946596407379 -0.630962442688069 1
-0.474882086099832 0.57634489163005 2
-7.52375340659176 -0.794176878295354 1
-4.6958452950916 -1.50417317381028 1
-0.233019601831694 1.80656944056077 2
0.618882134529294 0.424483675050444 2
0.830617376584843 3.90543800091102 2
2.46452034134585 -3.37619057302423 2
-0.58245722796137 -0.405922218148185 2
3.64376638344769 -0.626966846459364 1
-2.76454812860873 -3.22458700174102 1
-3.6253281613292 2.9935761787748 1
-3.68695853266144 -0.322199247222431 1
2.22689107255955 -4.1566739712944 2
-0.248759827017678 -1.77642188218266 2
2.3694537654615 -3.31600068193828 2
-0.803119264671254 3.11726553784325 2
-1.77567630663844 7.62871337058632 1
-1.10505772537952 -2.02114745740923 2
-5.55785047272519 -0.276690024305393 1
-3.50884578124234 0.839205102871974 1
-4.32610393907535 8.12687825702042 1
3.16296681592605 -6.98701039102721 2
-1.7919902740884 -1.54186720708895 1
2.36837955837054 -3.60838427168323 2
4.54947180507587 -0.682874418710743 1
-0.575324427329826 -0.827697652758022 2
0.851636719057054 -2.18942641807479 1
-5.25320255818824 5.50246715257064 1
-2.45600933255941 0.771196011194932 2
0.168644548148516 7.18075612256388 2
0.897260710008457 2.47084987865506 2
-2.27819435189665 -3.79593645076811 2
8.0545769976804 -2.26047364520455 2
-1.37517041727717 0.819115257488857 1
0.192730669890114 -1.73369682325513 1
1.94937560146055 1.06286906723283 1
-0.0780559043219859 2.19771792587466 2
-1.93070216108134 1.26336682995321 1
3.13591699188992 -0.40383850251255 1
4.8466359696216 -1.93061680158773 2
-0.0890819131495062 -3.86796206749249 2
1.6868020362092 1.02268469579494 2
-0.29223749550789 2.76700702227869 2
3.04936565310649 -0.239008229235535 1
-3.46850218277956 2.26085295817344 1
6.96258067198343 6.682589050572 1
-1.81059374336501 5.80146384587312 1
-4.37654824331428 -1.48471643032841 1
-1.05275348157921 1.6401355241852 2
0.440125452435006 -2.1066319132384 1
4.87086362304069 2.06944027170483 1
2.73362903031396 -0.175089420230246 1
0.42737529613736 0.832762734199938 2
-4.16845057196448 -2.5770438432276 1
-2.59811323401634 3.61613374749793 1
-0.489854796687882 -0.252539899430608 2
7.65907834038178 -1.33775987386519 2
-5.58068272265524 -0.22986411784556 1
3.39316395553806 0.229195139987625 1
-1.58170277170176 4.91059203508154 1
4.99797269996226 -3.33217196500125 2
-3.41760191992021 7.37697361047294 1
0.430869703988242 -2.31993715938904 1
-3.29865282510825 0.523930124880195 1
2.71054927908503 -6.17442409424776 2
4.45133846621426 -1.96338159098917 2
5.85216301920346 2.1953200923862 1
2.39280197276856 1.51569917573706 1
5.52979876373346 1.23171666525765 1
3.73927172598494 -1.40029591059806 2
-0.395624735472046 -5.53071739817349 1
1.4311117148541 -3.21847388117825 2
-2.9159826344278 -0.689486295972128 1
-0.555606508202982 1.8649115249721 2
3.66289112504647 2.51233644416909 1
1.62385243044705 -0.908664147461727 1
1.37207199487599 -0.454657603237167 1
-3.11439311906162 -0.488554567571224 1
-1.81353969100235 0.173536598867177 1
-2.29381804126071 4.61143465675846 2
1.1858876100405 -2.18013758427118 1
-2.97152289139968 -0.614288158657059 1
1.68612417029716 0.236178877328988 1
-3.34924923580063 -4.01479767955518 2
5.48559137440609 -2.76308770560884 2
1.38177404843431 0.600785845827318 1
-2.10301083675981 1.28120738321728 2
0.72313779750367 3.42027062814094 2
-1.05735959768387 -1.39711786931552 1
1.11344387927897 4.36170186370306 2
0.730598156280901 -2.59366865195861 2
-3.04234251798442 -4.78884923850679 2
-2.37394163645841 -5.83804033665598 2
0.898781054218691 3.31215082482175 2
4.91715572625468 0.914616333916367 1
3.25385102601277 -0.391265669845577 1
-1.87370242085428 -0.880840161035682 1
2.47776870494248 4.7587663662203 2
-0.145705058268866 3.60343651217774 2
0.903940955155214 -3.01121913359775 1
0.781084472209675 -4.17305094844868 2
7.72634929117017 3.25588764278959 1
-3.55586643176167 1.68183541805203 1
0.302759577038571 -1.53294295526914 1
-5.33993186390285 1.18935589671329 1
1.76950776887628 -6.06969331173408 2
3.28982541516421 -1.99542441880034 2
4.33698672330346 1.30502161657829 1
-5.77543575551136 -0.218734917071886 1
1.23830849158209 -3.84566293234601 2
4.78010985415095 3.04579839203091 2
-1.24204758912691 3.48917801760605 2
-0.636451596245848 -2.820119515371 1
-0.109611666614224 -0.556399887369056 1
1.09505625429911 2.19184181838075 1
1.99547962723791 2.59117452815599 2
3.95346265113445 -1.58624284390459 1
-0.286462771334977 -2.6356195187043 1
0.588834136417406 1.03522622053616 2
7.46399363166439 -5.74805465408902 2
1.29329678434497 -2.85023276804509 2
0.5662593279895 2.32076138117233 1
-4.02672937585035 -5.11139521654291 2
0.00856814286667978 -3.60233138034792 2
-0.663978459500643 -0.7223551908431 1
-0.0331374894281213 -0.906220503411635 1
-1.7262529238135 -5.26213427306184 2
-2.0604469573281 1.52813652567276 1
-2.16232089546037 -3.06436901125129 2
-0.643513546199323 -0.474176812209655 1
4.10439794408588 -0.589716621002864 1
3.14725987967798 2.08988622249356 1
-1.07992535382917 -0.197944379140832 2
-5.05774936361622 -0.403043956644781 1
-2.53375028560786 4.96422253200665 1
-1.37328159972152 1.11568464606094 2
0.310914012684912 1.87062138783031 2
-1.98782182710244 1.42469588049209 1
6.02004207249567 1.71490387993572 2
-0.816802603255053 4.00720940111398 2
-3.64183341071853 -0.17131248289978 1
-0.42378527184754 0.728531839267296 2
-3.01613274478024 5.90890239844281 1
0.468467121825979 -1.59011494028844 1
0.700900842269608 3.87302693860871 1
1.06676283488515 -1.82123458821696 1
-4.86557477737264 5.13041902596069 1
0.662133872911947 -1.99874213928196 1
0.931350241624938 -2.44311683014577 1
-4.26332534251346 3.10920787334858 1
2.86609691919123 2.89479459783873 2
2.35251263728301 1.65513251238024 1
6.89885808346334 0.819565588020849 1
0.470108962127184 0.725579410025698 1
0.140200582554002 6.16428211813952 2
0.289757502247309 -4.29760348565426 2
0.209298692700902 -2.95900895115981 2
-5.545418326013 -3.83742036871828 1
-5.01338117592673 2.88226647112903 1
-0.23261690037361 -0.736925806001602 1
-1.7432021416995 -0.390025367690389 2
0.164209575172276 5.3499204550174 2
-6.33362511978159 -1.73707935835361 1
-4.49609476358027 6.06838380372985 1
-3.30445031681623 -4.2283224409309 2
2.95817466318074 3.95350683914547 1
-3.29547002127035 0.969363007724482 1
-2.39854186072959 -1.16580155997488 1
0.239621456022158 -0.518510710161221 1
-0.968239085475327 4.01692400333675 1
0.439251536003887 5.11141761713066 1
6.91518594613708 -5.03540346315403 2
-3.37381101377471 10.2632838250712 1
-0.916408919729414 7.73382796313332 1
-1.5502783492312 -1.57596550396686 2
4.53718628049736 -0.193145715620801 1
-2.30845476867083 -1.99064206661002 2
-0.246260711327155 -0.279003265770564 2
2.36140084296812 2.21957831473751 1
-3.1757716078452 0.310088444791686 1
4.96552744722603 0.576020994613006 1
2.02728724642274 4.43642280808917 1
-3.22261982859106 -6.61160543574255 2
1.36373342717321 -1.47432914220546 1
-0.639921429699205 0.433251813788668 1
0.939686315983004 -2.34930191195305 1
-0.26992559104699 3.18289872086112 1
3.21154811033503 -1.33651692636608 1
-4.05330115711 -1.2875404613183 1
-1.56785009158775 3.56703540158956 2
-0.747572033266197 2.50288221918451 2
-2.987396174554 -0.450922433592237 2
-3.11986513129858 -0.983271398359387 1
-0.0539407217299878 -4.34449587055198 2
-0.396525398570204 -2.09185375365487 1
-7.6480283242513 7.79547069638963 1
3.12172036715813 -0.112245040902148 1
0.749177207955571 2.74047567132996 2
7.24862211944499 -0.553579494794186 2
2.05559471415329 1.82947288848434 1
-1.34087792688598 -0.158180426963924 2
8.39217344087429 4.09176586704437 1
8.49667807174652 -1.51090025140315 2
-3.65613544887054 -5.1271805060451 2
1.40709586786627 2.6956490493831 1
-0.63374075589645 -0.713202079482951 1
0.561153439662037 4.39022274159076 2
0.682628185706442 0.373134799437921 1
-3.78570138860716 4.36122253149932 1
0.856768740727685 1.05068087852227 1
5.24774208942539 -1.04707643897932 2
-0.492270012404408 2.17679582345949 1
-0.488780132095361 -1.37771528886441 1
4.1957160190124 5.05427769376181 1
2.69518872204884 0.439752050410526 1
-4.94548445514386 -6.08957127878878 2
0.685670919786561 -1.41651024031809 1
4.9606417040332 -4.89711578036111 2
4.24582904975743 -6.53506591828381 2
1.25985481144269 0.177625953262826 1
2.16366242133868 1.94358191009291 1
-3.59080563656605 -2.28428066599594 1
0.90039470064412 -3.98652697837182 2
-2.86334680556347 -1.8060922416851 2
-1.37405420429083 -4.65157581705145 2
2.80681105133881 2.10900538545021 1
-3.41067933507343 1.72350901532492 1
0.800754752619175 -4.78587452869864 2
1.28499611841463 -1.87220658471212 1
0.164735909518889 3.14164816526883 2
5.46656646550625 -0.504177705984223 1
-3.06704198572575 0.0285476773946508 1
1.8183907843068 1.25172067193401 2
-0.266791702352002 1.88050259004231 2
-0.782496731501772 3.61872941612576 2
1.39227370155714 2.31769610584087 1
-3.06120177205179 -4.13270119219455 2
-3.94035274955522 -1.08728077594555 1
-1.48344262645027 0.906895487390342 2
5.25527144926634 -0.327239628354396 2
0.16729432383756 -6.53749584361178 2
0.994303194683658 -2.27434417498315 1
-0.569539913032619 3.04365345396925 2
1.41147819586148 0.474141486195556 2
-2.85503862905144 -4.41768131284416 2
3.47373139970592 0.64777861868861 1
1.75411578072405 -0.476122419623542 1
-2.41935846807511 2.01556162020334 1
0.163659737435977 6.3196758052529 2
2.14899485849737 -4.54770039318857 2
1.67319294616381 -1.5151905659724 1
4.44580204763064 -0.416288821027206 1
-1.83896326468455 -6.40861500115131 2
3.34840984647118 -0.093659987880477 1
3.10964402982366 -1.77950711373729 1
-0.487449395708564 6.70680830573892 2
-2.92778007846566 -8.75392864165007 2
-3.26743557265355 4.46466350462245 1
1.37336087383491 3.02407400307337 1
-0.213380201162683 2.20527488886089 1
5.33730800055435 0.440435978174415 1
1.60541388148861 -2.13240088561261 1
-1.11583462549049 3.31689420234485 2
-3.07662674549134 -2.65724119510679 1
-1.74720502381576 2.08428545358563 1
1.02866517869199 1.20791755594391 1
-1.35280394116995 3.2287145893055 2
1.54269036069207 -1.78963929446548 1
-1.00301415650935 -1.74296288393108 1
-0.316679726383426 0.906229691436634 2
-2.19152901842348 0.917055466543012 1
5.71513075472611 4.12199506200676 1
0.997865194411183 1.4561982851582 2
0.691900921498352 0.434520118042945 1
-5.0755872446522 2.52785953174634 1
1.97937569864798 -1.63082344728829 1
-3.07087076663914 3.27891568883729 1
-2.67456472306289 -3.06762481158477 2
2.75502351306495 1.01444211411862 1
-1.35810193952469 -5.12053729083819 1
-5.24511684000954 0.739347774620017 1
5.30971232966807 -4.7038893934261 2
-7.13222077617756 -0.694454834895998 1
1.71843458957875 -5.27236635019938 1
3.05174774725383 -1.91885948969624 2
-1.8929035999816 -2.32850072980286 1
1.33286115423466 1.6643239589639 1
1.31739116516567 -1.74636639025712 1
3.12186945874354 -2.30578530561765 2
1.45229816385757 3.66454706344427 2
-0.734651337277574 5.00751122901622 2
2.74797617382063 3.28044115263074 1
2.4018670695293 -4.47372751542435 2
-2.80970710240738 3.82995924778577 1
-4.20236230198719 -3.68561271221911 1
0.480832619979533 -0.21585306594542 1
-0.821887124325548 2.20337460993821 2
-2.95661733768689 -0.641661241170076 1
0.251792038545099 -0.451178410853446 1
-3.95998957946072 0.376147278691658 1
0.483679053978597 1.28357406631957 1
-1.87478516262576 1.23405203721977 1
2.87149282257744 -5.17908376159991 2
7.2734674234846 -0.526944702179683 2
-2.74793773106038 0.860515569614924 1
3.17299251282892 1.77222003491804 1
2.47544918330485 -0.95208085248789 1
-0.210582672916076 -2.10795492130252 1
-1.36093912217104 -4.10276340478794 2
4.72592312051245 -2.1864217467595 1
-6.01637345470874 -0.364574776928765 1
-1.92958437478099 -1.90561814661958 1
-4.31053033097333 1.78410806436173 1
4.18594031683823 1.10250369269328 1
-0.572110297934571 -4.82621530405882 2
-1.57401359840901 0.951995534394986 2
9.55213342219898 1.62511397465383 1
-0.150111803662885 -0.78398096974354 2
-1.33124793559957 -0.0794872858990927 2
0.899595750408434 -1.2967149208612 2
-4.70527386226491 -0.880160228359836 1
1.4709079280162 -3.02112037610194 2
-0.288489603239901 1.2756227989197 2
1.40557536759044 -3.67444977700646 2
-2.94711190781356 -1.77139396598135 1
-3.06895152644383 -2.74091420741547 1
-2.08024398982855 -2.61275314307001 1
-2.30396871927835 -1.10566691938072 1
3.89714990005077 -1.45575754827828 2
4.73743668542427 -2.0998856375461 2
-0.470675859117201 -0.760301690347874 2
-1.07680968175404 -4.75469282423754 2
-0.987116491265006 0.333115102563974 2
0.20770943355905 1.89553847687056 1
0.290712701103164 -3.84929607610172 2
0.870103163296712 -4.23930186477902 2
-2.24003682313877 6.69599133033138 1
-2.54068916646096 0.718521722438152 1
3.59123299123825 0.159578780714407 1
-1.64588208330997 -0.595522366731055 1
0.909137085676352 1.47794328336223 1
-0.170911601409996 0.111723183279696 1
-2.87354817645201 -1.6377358570702 1
1.77318572823452 -1.29742820106613 1
0.519314620478864 -1.03345411900066 1
4.19935006863752 -0.959008187317262 1
0.352378753880964 -2.25509662079092 1
-0.994637274602559 3.22230457032276 2
0.834884739916092 0.281466466978466 1
-3.55677494710602 -2.31920048846473 1
-2.50768216018079 1.77374620484526 1
1.53081975341829 1.05068543603439 2
-0.999362703671846 -0.412738743548721 2
-0.19788283905739 1.20264560112021 2
-0.345665128265849 -2.71913698585331 1
-1.95153785632359 -0.596520757686203 2
-6.05606597724725 -2.99746411298167 1
1.04650491052978 -3.55143130327079 2
2.28491852294058 -0.994195950545066 1
-3.86614870605038 0.504074403745453 1
4.44720815537582 -2.73901659205054 2
1.1554644710617 -0.525174384853379 1
4.02492088498162 -5.49133836265871 2
-2.87151141372687 -1.34021175580418 1
0.500343865062753 3.51200182417828 2
-0.300041876816425 -3.45424769303918 2
2.30552229564533 -3.57879606014008 2
-1.72757870373808 -0.65958437552127 2
-0.0302930158573833 1.60401219894938 2
-5.33597744623184 3.70832749656088 1
-2.3328643286115 7.96122218581146 1
0.37510165099533 2.40267971422425 2
-2.11896447716467 2.01436057966099 1
-0.13070845743444 6.08377235119782 2
-1.40377792177566 -0.902772911608392 1
1.82079040848447 -0.640048216532015 1
3.50546492624869 0.759810448837348 1
-2.46750423842257 -4.26026413452159 2
-0.921109675784185 -5.50630996628396 2
4.31928377510923 5.4203681221148 1
-6.59676976255112 -1.72498722753114 1
-0.959513375222205 -1.37364257037915 1
6.19411285243003 -2.97886729796831 2
6.58077020719276 0.432217789997984 1
0.469785970050448 1.77342156730707 2
-2.59082685184091 -0.685833713620224 2
0.496372258471315 0.0441140806421198 1
-1.95832318784106 2.85417874478621 1
4.35845184687445 -0.0323042310413784 1
-2.41944796710914 -1.68403041653101 1
1.11873478562624 -0.181830244339526 1
1.85955022370608 -2.52697903814399 2
-2.27253048208755 0.305664250918592 2
2.55457404451855 -2.69377735244505 1
-2.24378991274892 4.18177633583002 1
1.89071948896194 -7.45957171314289 2
3.28998489931066 1.20388240743204 2
-2.96532876714962 -1.46408166888273 2
3.32398512293879 5.9614464244494 1
-1.46859861363724 -0.703390292061928 1
0.883060165310904 1.44551208119818 2
0.605512416866309 1.16068190761302 1
-1.28158915901461 0.743017228010332 2
0.804308609993355 1.55435950605196 2
-3.69129277627151 5.99224120165227 1
-0.408410616554893 2.78252647104202 2
2.47737249499551 0.58927244663274 1
-6.52237394768794 5.37079865696231 1
-4.46377856207476 1.74959324756988 1
-3.48581267279092 1.95100079730497 1
-4.76726908243629 3.73509044585551 1
1.25874911788908 0.483319878059904 2
-2.97878504926803 2.17647207437292 1
-6.49364125598692 -0.823440654396805 1
-1.91270629524135 0.374508196188439 1
-1.17190575442442 0.118927881982377 2
2.57035642133433 -1.91919911259687 1
-3.31125640799649 6.10395965678957 1
3.48386776721609 -1.67669279816651 2
1.19508814688581 -1.06733823201606 1
1.08705647290663 3.97325217107234 2
-2.55757701094351 -0.0618666876869343 2
5.86100363969411 3.50437928156771 2
-0.492812496291466 -1.82207136274443 1
-5.474692752535 -0.0385249779163162 1
-0.611569414177488 -0.752810635279262 2
-5.80333221219615 -2.90734092121999 1
-0.93153034736002 -0.909935860101029 1
-1.26668100956886 -1.96580141899555 1
2.04548907121023 2.57234197484115 2
3.02848855721247 -0.872950749070881 1
-2.17831489470346 -0.248343613332897 2
2.41832660512508 -2.48353407841441 2
4.27296932900629 0.645597016832788 1
-2.35243201452794 -4.83580907071089 2
-1.957213099498 -8.84961535284968 2
1.95233508946105 5.6403190297975 2
0.549143909831806 2.2717850922681 2
1.64632488133285 1.90418590218133 1
4.21405288364269 -6.70952479740898 2
1.16124935872919 2.03138735108157 2
3.15510381052612 1.55944281173416 1
1.86871638701158 -0.232965124199847 1
1.30086116942656 2.47511628796124 2
1.15825331455324 3.36170709211859 1
3.87396991337424 -0.366490797560839 1
-3.00677962113196 5.83601123297648 1
-3.31554818747248 2.96508809849942 2
1.77583801019163 3.67315614385736 1
-0.359068992399342 -0.945352844497911 1
0.222015635054881 -0.393368566984502 1
2.2238321315142 -2.7677562673617 2
2.25988514354723 1.22210725644107 2
-0.788011510085333 0.792034303141521 2
-0.937631606991307 0.273850661824994 2
0.220795827023608 -2.04206228659726 1
3.18905336788423 -0.695908485392952 1
1.27806146003701 5.95533534829376 2
4.29902253246958 -2.78747807131568 1
-0.0229106112599158 -1.21827069787859 1
3.37700281566226 -4.21029766143738 2
2.64900693305174 -3.7221872027278 1
1.83625038270021 -0.860295604305557 1
1.24410212033539 -1.17386190536123 1
-0.839647191427554 -1.85070469269772 1
-0.327112527507696 -2.32153292859865 1
0.688186487125401 -0.589880769656913 1
0.146666672037859 3.4020616293613 2
2.82967340515866 -1.07340355658003 1
-0.327951369559293 -3.84961159086931 2
-0.211130764763483 -3.20715541350206 2
-1.45295726269699 -6.0130429472134 2
-0.415008985629985 -5.13154896665422 2
-0.206296926911533 -2.2422605482889 1
-6.94120732169825 -2.92924638370313 1
-4.09449509164295 -3.44707833180335 1
-0.217460729855877 5.96773096142225 2
-0.795851324593497 5.2533932480955 1
-3.60260798462231 7.69322790183886 1
-5.97461452812906 2.32948770462401 1
-1.06310765974028 -0.48374563451779 2
1.96048729708283 -3.12978208335185 2
5.31971589578269 -3.30229878640863 2
-0.115370381128015 -1.49062184241234 1
4.47955452188315 3.84156277978936 1
0.249066472907905 1.99941168701734 2
0.346596312778679 2.66850059181695 2
0.97447594004624 -0.561364283209832 1
-2.61173173578276 -4.66090902877773 2
-0.15515463868465 0.979208015338742 2
2.72534309637675 -0.64383591619349 2
-2.24917736055657 -0.911874921447997 2
-0.964818209663882 6.55251968517683 1
-3.44331225137776 2.60907384965566 1
1.06305658934806 -0.685218611061964 1
1.27439934716707 -5.71033925856996 2
1.94504205367225 -0.859924412171268 1
-3.65943009455071 2.97116676030056 1
0.321705104264292 1.11846297814275 1
-2.83217307494954 0.81632210404655 1
-0.00115394614807051 3.13528091738427 2
4.02787176001824 -0.507029961644473 1
-1.51057586080283 -1.03740607565028 1
2.15004996281648 -0.7618984010069 1
-2.24900575225109 2.20353878238211 1
-1.43558463135092 -0.808044392892969 1
1.31616525175985 2.28090342731718 1
-2.0373368113736 -3.6845508580758 2
-5.10889450543631 -3.81319506414606 1
3.79550530563999 0.382150824919329 1
1.08107171363954 2.28114947396408 1
-1.75091832168027 -1.22295874806661 2
-5.9822363619918 -1.73226403475413 1
5.70662931419791 -8.51812850072668 2
10.1711124638146 1.12296262266289 1
0.62244122206637 -2.70856493622844 2
2.54941994253357 1.2077247185492 1
3.67368093622248 4.2816351688602 2
-2.10541330061583 -1.48775713778199 2
-1.05358868866962 2.09017614466164 2
-5.18136310993559 -0.457637319892903 1
-2.20973469681562 1.10581390713497 1
1.86722934865834 -3.46739815583869 2
-0.872147967722611 1.25347078478432 2
-0.642634602549231 3.9148846333469 2
-0.337678654507548 5.39013556686332 2
-5.59100094748681 -3.56214196457125 1
2.51288980269501 1.60105502507165 1
-4.33047866680626 -1.52407251229726 1
-0.625710487246945 1.56816188431117 2
-1.31569038617649 -0.535391587369296 2
-0.655781450568595 -0.744099796804522 1
4.37989783420736 2.04629849021916 1
-1.74617975374611 2.23860458020753 2
-2.34929278713569 0.8372311133582 2
-4.55896198483154 1.39214814613884 1
-2.41709424483375 1.13538123759987 1
-3.49855412210322 0.835122004658982 1
1.22383858874489 0.273690480320863 1
-2.58901273802363 2.74683067729448 1
0.912126105084408 2.12969787676602 1
-0.439282463543762 2.38179851571607 1
-4.30068653973241 3.32090549548229 1
-2.37182335716809 1.64801199904366 1
2.65533736517303 -0.458994986083999 1
2.7092282578637 -3.26841126973579 2
6.01671982290188 -1.46409736140478 2
-0.0107409251993426 -2.60986475190238 1
-4.48748044194642 -0.895525760925758 1
-2.30525108104548 -1.57588371792116 1
1.22546551452045 -0.590057447630855 1
5.70040900468417 -3.07169975482274 2
0.330027370319168 -1.86690634972186 1
3.42116047538541 1.06676147123379 1
2.30424391407678 0.640817860507854 2
-3.504274866352 -1.21220904471643 1
-0.513337956794576 3.03846699615305 2
3.91578460904305 -4.9233883239992 2
2.62828832878774 1.44827582568125 2
1.39138842470339 4.70949170136185 2
1.43134273613064 -1.22354327474586 1
-1.47421590062821 1.16275475412254 2
-3.95815594003261 -1.67486400997284 1
3.88627737249392 -0.0660451087202585 1
-4.26065847500079 2.44681038636719 1
-2.81668775911749 -2.74204344418069 1
1.88689497755952 -1.66446239324741 1
-3.7865836481688 1.59667004215454 1
-1.65561123981838 1.24712906917337 1
-3.54839852034743 2.42057754543694 1
1.86199067318685 3.75824459068953 2
1.33893904991429 2.30955822534455 1
1.26565407982106 -3.23289782163957 2
1.32739431643691 0.461344099631872 1
1.67173723913682 -1.19726226074689 1
1.91806947591155 -0.0175724943383827 1
-5.90598467002267 2.75208706616743 1
-0.446449084079604 0.828466331608017 2
0.337391437655702 0.465565080626658 1
2.17402860794328 -0.36034423619335 1
-3.56245822801585 1.19105551457094 1
-1.49880056944774 -3.53587556567444 2
-3.22092897225348 -1.26464407202135 1
3.17172063812904 4.8497281081285 2
3.837217749628 1.84836852989311 1
2.3630301760777 -2.8853820802944 2
-3.66721014773097 -3.68566997804782 2
1.35585635020996 -2.87799076076788 2
3.45134755914275 1.7404705696899 1
0.503822942209377 1.29947689374784 1
-1.69832799868791 -1.70574690942336 2
-3.25835472183405 -1.1060530226968 1
-1.99590838668047 2.93468420857682 1
2.14454506784802 -0.921220829898053 2
-1.29498330114578 -0.175227839535498 1
0.682844819820263 1.05760124147604 1
3.88483738701091 -0.546982891526681 1
1.73500482140836 -2.2050792132084 1
4.09401834442062 -1.23882382546923 1
-5.10473940798122 -3.24300130559605 1
-0.842028839141377 1.40793784802302 2
0.195204058476579 3.99612036755262 2
1.73576787482554 0.73278790760729 1
-3.50761986458691 2.43818767858152 1
2.41855456634187 -1.95340507480299 2
0.922170228487 -0.420926328790703 1
0.79141804081415 -0.40833646978083 1
1.52545437481514 -4.29192187529763 2
-0.349075319630983 0.26667882759327 2
2.77663829549734 1.43771177690704 2
1.94468932119447 2.05021936661641 1
-0.450628122503098 3.9469621223241 1
3.1211310580221 -4.4179483103325 1
0.877676054838545 1.85295437706182 1
2.00625419831839 2.1512222184978 1
-1.78253292487266 -0.63007742407433 2
4.74129551095776 1.80737799824587 1
-0.0119668330499511 -4.2435974242251 2
2.54352830668043 0.643184021822303 1
-0.300349577678073 -9.38726457417514 2
-0.838889720941798 0.936174909436411 2
2.35331473584002 4.80469036501303 1
-4.75384993377352 4.62596108312471 1
1.43509844338209 -7.97900813920769 2
1.18069911898444 1.60508052805241 2
-8.08598810737355 -1.04916298304095 1
1.10513198559977 -0.0750241742893747 1
-6.50525324204102 -6.6484003671405 1
1.97941313067816 1.15512150352541 1
-1.36174120014357 -1.58016206322865 1
-2.08481047570468 1.1216684666966 2
-0.0205389095179953 -0.573654601069863 1
4.11915613495197 -3.07631266611685 2
-1.90596923165368 0.999589008321483 2
1.67430988184633 1.78520721393342 1
1.02347360526563 0.162957862292187 1
-3.53855588742467 1.70130476231425 1
-5.22306605200191 -1.39203188620793 1
-5.97775731371743 3.85440244517996 1
1.65382263440367 -1.07391684541698 1
-0.104226184593895 -1.73895566953784 1
5.55171511083187 3.12477834744193 2
1.72102532478913 3.34464654323364 1
2.54908767324783 2.04196691130324 2
4.00315075600486 0.661519979778312 1
-1.50215729389492 4.7846579539443 1
1.53029378468547 -3.0319226817405 2
2.60637981073246 3.41330997882451 1
4.10805506400908 5.14318150345483 2
2.28795343897911 0.163828722410192 1
1.263441519112 1.75716601183621 1
-2.60467214181367 1.82910658092793 1
2.18868108287308 3.58074602493111 2
1.50079761725486 -2.57643127986232 2
1.90275076112073 2.6871185800469 1
1.27093513671677 -5.12684119850678 1
-0.605514134130013 6.23071063617028 1
-0.230597695302043 -1.71401927788634 1
2.06209233984455 -0.948572896460116 1
0.514894520773621 0.776655529949364 1
-2.49032572298097 -3.75093618061101 2
-0.870477359417002 -0.788684529707963 1
-3.95737717252953 0.184462321396702 1
-2.90109570800674 -1.01990246453427 1
-0.433833210406552 6.07888218403344 2
-5.39439766912478 -5.36028195286932 2
-5.06562742377474 -0.316165246925744 1
3.30769559830825 3.53654186577987 2
-1.72985677263432 -2.50849441339061 1
-5.55507518865446 -0.416853365417957 1
-0.338589718286925 5.82985469031941 2
3.96320780166455 -5.60203679295116 2
1.98676289080392 -2.41079359547424 1
1.32414959506091 -3.59522568773416 2
3.55123773683952 1.88856415286976 1
-2.31450432330268 -2.59838556888175 2
2.18906757405611 1.40341680890044 1
-1.76125684733658 -1.93741914661971 1
0.00229255908754205 -0.457576678975437 1
6.64339595802038 2.56864463812993 2
2.90830318712778 0.411011260885584 1
2.30402314115164 -5.82211636189905 2
-3.32498373545448 -1.60766240238367 1
-2.35870775998414 2.1407852930299 1
6.8523494407848 5.58044495891648 2
-3.27990229191993 -3.34447843492514 1
0.643438125855219 -0.685863108268602 1
2.67771317891122 -0.244769639564652 1
3.05627391702677 -2.19769946208652 1
3.26733603275772 -4.14789846916729 2
-0.489386969655644 5.51638980103218 2
-2.46296009135999 4.43500337825165 1
-0.921771698965918 -4.22036014982344 2
-2.70629402561839 -5.65191639638356 2
1.88120622934495 -0.832098682821836 1
3.36106508527832 1.29128341557376 1
6.38164065748058 -0.38636000416412 1
1.09834314879516 3.38779378624141 2
-2.62434413158106 -0.73958547903344 1
3.07342458897968 -3.49664344737198 2
2.71427668108593 4.55964687885122 2
-0.71474608770848 -0.70208023143791 2
-4.67356471161694 -0.851920761116781 1
2.28392968618174 -0.789474852362987 1
3.38743318692488 0.168012911274655 1
-0.885323492117802 -6.95598566900038 2
1.60872845507408 2.04989139605333 2
-0.827671424251533 2.16369569613482 2
2.04694573541254 1.88773557243261 2
-0.351872144144546 -1.23337686052962 1
-1.03402759176019 0.297925280642599 1
0.334861494591631 -4.30473801493348 2
-0.850215944946887 1.07934106281139 2
-1.77305149336285 -2.45116607116437 2
-0.947810793727194 3.95067877457586 1
-0.0244564569766055 -2.7774707039724 2
0.622485422155421 -6.17725614880639 2
4.59727086487752 0.517977551888912 1
-4.07399349286045 -4.89166839793756 2
-0.598857151658827 -2.78353985732791 2
1.89456938334248 2.41209687042754 1
5.2860627103286 5.61699524591791 1
1.27804308784649 -0.788034270044528 1
-0.0412602494261998 2.91495389304174 2
-0.922670728789078 -4.13209158507589 2
1.24292449232487 5.1915039428516 2
2.96717376058917 -0.0152615443654028 1
-0.551574931638158 -2.33964073025849 1
0.491284220539672 1.19263176424689 2
0.650809032433152 -2.42774681012143 1
2.18783290262897 0.150969090745935 1
3.33414122107407 0.305316125165442 1
0.837482450818893 3.5073706381897 2
-0.22851201464154 -1.69977328169112 1
4.18398939662573 -1.12602086497068 1
0.493602352816754 0.371980616988323 2
4.73355593638044 2.69212343319997 1
-0.185767972858649 5.68679097952025 1
1.84176889258106 4.74655936701135 1
-4.63826578273572 2.88076606134952 1
-0.337175884012223 -5.70923093131339 2
-0.0653836198826572 2.84197426162571 2
-2.27503625224964 2.26026111651903 1
-3.1076786532669 -2.09339138106548 1
2.84447790765543 -1.69479063310276 1
2.74247620178316 -4.10745103482594 2
-3.89619598453938 -0.0376409243388318 1
1.27313638480303 0.271890047034922 1
-3.33763595986526 -5.26065138193373 2
-3.15321967854467 -4.74401289892511 2
1.57623734479907 0.523455232252128 1
-2.05807200027916 -3.08065181510318 1
2.98043994636664 -0.897648967108442 1
0.115570797226036 3.02315005833188 2
1.60844692735717 -1.27773360385005 1
-1.57088009365848 0.381192944480844 1
-3.45366400483078 1.84731307374947 1
2.74425672300827 -3.37397313306341 2
0.714214474688142 3.72803106583555 1
-0.717203278364119 2.75104607183915 2
0.207705979637209 3.81889587898338 2
3.97772502779774 -1.27860330870048 2
-2.09449990386022 -4.39295876880406 2
-2.24822533338954 1.53348884934263 1
-1.85884515812206 1.85559675535275 2
-4.7549738046296 7.62110587156933 1
2.45888441251123 5.15847877814986 2
0.577108940232738 -1.39464829354097 1
0.621515922653787 -3.02033187057887 2
-0.130042063043062 1.8629668903317 1
-1.53048132427233 5.97972747763018 1
-2.47025584132867 -3.54940189652488 1
2.55556920987802 -2.34150482575948 2
-4.27855401876046 5.24308496370727 1
1.32089682589623 5.51156094650094 1
-2.37783495227305 0.583669243339432 2
0.846930643636401 -4.86069085271532 1
-2.22207156657046 -1.62771158226973 1
-1.57002504805209 3.50225652142506 1
5.30809775108103 6.46120072463194 2
2.00484785680054 -0.0476296205176001 1
-6.43469107282698 -1.89433540189201 1
0.379237248300951 0.915861948748561 1
-1.35543880877167 0.434635811676252 2
-3.40987856333301 -2.7280059185716 1
0.629357671293582 1.77565252115756 2
0.389896548058087 4.1713329233737 2
-0.985519717704251 0.0393612818563522 2
5.91811070201235 1.87725060167969 1
-6.74607020044967 0.756255099592008 1
2.51465816183547 1.38469828143255 2
-0.86706981138772 -0.64086927122958 1
1.96954023173815 3.59362817374083 1
-1.36199310191605 0.695409400325735 2
-1.78159368733529 -1.50852435585221 2
-5.13113899918388 1.89137139146118 1
-0.628345284818215 2.87189257734277 2
7.43623740407127 -0.223448589424982 2
2.96910662438811 -8.0344932324628 2
5.02671646748048 4.90849315976195 1
2.74489595494212 -2.25189164590915 2
3.43278812388557 -1.04743172287133 1
2.70862924349732 4.85589221938492 1
1.42617729529531 -5.69411966550647 2
-1.74758632199102 -3.31963308129331 2
-1.59880421197043 -2.24835212625418 2
-4.80251998912586 -3.93864411038368 1
-0.0174531416399776 3.30986497189425 2
2.69806702757014 3.79348840093047 1
3.09576766957822 1.50262839330157 1
0.285398113366255 -1.31821747718055 1
-1.64288285166573 -1.27103992683641 1
9.87155232995559 -1.704219216622 2
2.21005659375127 -1.57411909884548 1
4.26172591463741 1.44847678160993 2
-1.01304192200197 2.72779009617827 2
-0.113872881163784 -1.36973306105627 1
1.34582129312018 0.956971196900572 1
5.02956693584488 -7.15737825268462 2
-0.934423636368383 0.227510919472755 2
2.56084700034921 -2.63532556912469 2
-6.28444390296069 3.29559953940926 1
-1.5217633022449 3.55747322290101 1
-3.87602723028994 -6.58948614331188 2
3.3400881520713 2.76695255541621 1
-0.493359264840772 -1.69718518115353 1
-1.17112224602023 -0.49182306503341 2
4.10729953859572 2.69550248104632 2
3.34881857472007 2.06750195706894 2
-2.69406361040249 -2.45706973602804 1
1.28359946282894 0.960200270928654 2
-3.68533370553675 -1.40122569364757 1
-1.42684507263354 3.75556600813946 2
4.84973291144085 -4.71441775658998 2
4.35038385399133 2.45926335624723 1
3.32705626640051 4.17328826458898 2
-1.71271165899097 -7.82857502755734 1
-5.64429441082666 1.94323979088153 1
-3.52709455207247 -1.08893874621439 1
2.85766957388256 0.330665253054129 1
-0.871703658495263 -0.810222442679537 1
-6.48782443670394 2.07629192080115 1
-0.540562463149386 2.784840916416 2
4.23071766337373 1.77939030401908 1
1.9304059215586 -0.318878306467546 1
-2.46377563058827 -1.27238738660667 1
-4.63774995619507 -0.42094125605643 1
-2.47964167691037 -0.681873453935409 2
0.103583013964568 0.615185814699614 2
2.66422110273617 -2.47378646563117 2
-5.81982046437077 1.75374175103551 1
3.06960526582237 -2.99489599761085 2
0.0163731797640658 -4.45284451838174 2
1.70933690881749 0.773332449262469 1
-4.95976668970461 1.24587001217644 1
-1.99996314036654 3.07625871873786 1
-1.34470256779657 2.1782282037627 2
3.13167404492708 0.659362128439071 1
3.08452214218625 2.0747988353882 1
1.30527137774501 -2.9414932061134 2
4.81263654487165 -3.42182911158441 2
-1.5462335992361 -3.64646399038448 2
3.03761158132177 0.134185608969975 1
-0.107820089372157 1.98441112404282 2
-2.00202628852923 2.71917674142793 1
2.77014011499251 4.45110435915044 1
4.1433009925485 0.987601762724514 1
2.63475124855455 -0.384574348032533 1
-1.52821036626679 -1.98383082896869 2
-1.4093629024653 0.762204658940194 2
4.13302754041801 -0.193065824409451 1
1.05847921925324 -0.975387949986578 1
2.48872193796336 -2.03106919584769 1
-1.01610595099292 -3.01759469408609 2
3.78310480939395 -2.94884099408054 2
-2.42626543488658 4.40649108551375 1
1.87605456259989 0.751853499880549 2
-2.45152489670434 -1.29021526989989 2
-7.3877250497573 -4.73757323867934 1
-4.02887253203901 0.578591210731916 1
0.408885597630485 -1.4919001655413 2
2.64876824887748 -0.257674654026456 1
-5.25390624928445 -0.62144626586935 2
-3.75427340675858 2.32816616610751 1
5.29363798972646 -0.205905777158516 1
-1.30169804946979 -0.534004251092126 1
1.5171003957918 7.1185154355936 2
-1.58080596413196 3.26161259273205 1
-0.895748655454514 0.390054693905615 2
0.261732619815712 -2.1935939898839 1
0.0328855283970175 3.53738905065923 2
-0.577680633126195 -2.7979486685783 1
-1.40938945543122 -0.144192519682949 2
-9.14358266939617 2.55775724556293 1
5.60596650100111 -1.23393634597779 2
5.37127262472911 -1.10162947172609 1
-3.3032452251577 1.32092742420923 1
-0.504322566329904 0.418413397892556 2
4.12582591413748 -0.747757836026575 1
2.99487006915661 -0.628122104825527 1
3.82980485623732 0.752697677409367 1
-3.21524075447939 1.40018600224177 1
7.7318042885939 3.88278544785913 2
-3.40037987931098 -1.25769683802116 1
2.26174902564986 3.94997835385068 1
0.423827941337067 -4.39564907052864 1
-1.21113095388609 -1.93525970968033 1
-1.13824739454306 -4.05870554851037 2
-2.97419043759301 0.928324685231071 1
4.86797938727042 1.2625841421703 1
0.268539683288254 -4.09807625575617 1
0.777653847643133 0.143593416470362 1
0.628898499183104 -2.74159882262946 2
-1.1255122591826 1.48152856528265 2
-3.40206373426514 -4.66474151823582 2
0.761178929051884 2.59415194746863 2
-6.28091834987678 -0.133223797105107 1
-4.25570082850684 -3.1078280812244 1
-3.22919008481514 -0.248766336038551 1
-3.23603658801706 -0.797001075417131 1
0.321566449701242 -1.09338412229756 1
4.79546264497423 -4.49204727469774 2
-4.5459724321949 -1.75563046790704 1
1.30102806178983 -0.519982868466031 1
2.69863425996312 -4.44975662184641 2
-2.96859660686663 0.907084155548231 1
-0.158398204567437 4.11934915817695 2
2.47083270786617 2.34626160103776 1
-0.766527307642166 -2.39559887257541 1
-0.662053041753639 -1.97059865140575 1
0.923180373631854 -1.39707676344095 1
-0.180039759999813 1.81768024616071 2
-1.66695866981765 -0.118558611754167 2
-0.415845058382673 -2.83516950837669 2
5.64851937715941 -4.5359538317534 2
2.62100603881808 1.67789148893581 2
-2.74379121848287 -3.13189035112463 2
-3.73475286699396 1.49103621731337 1
-1.07994672204782 0.219212746744173 1
3.98632410284395 2.16531304482937 2
0.878037355250859 3.28251450314906 2
-2.10451571052198 -4.26988316849283 2
2.64670370345406 3.06691097263345 1
-0.400111166168676 2.06344523676279 2
-3.36203549787425 -0.922364668982782 1
1.38357736263537 -0.059247166711114 1
4.57242843053643 1.46519515710491 1
1.30340489439848 1.98150243106225 1
0.576001113416786 -5.14212998194358 2
-1.96872938525117 4.37657094332186 1
1.70519559260858 -4.22368645009183 1
-3.21171160467116 -6.24349235780671 2
-4.95944707344267 2.86271815695094 1
-0.130058305481262 -4.53477676335964 2
-0.103780517397115 -0.672429402098 1
7.09516659600843 -4.03958668653426 2
-3.6490419236757 -5.38375292804307 2
0.512718970047132 -1.32634198815149 1
2.41515928086658 1.9413360734968 1
3.15177853234766 0.947698140353059 1
-0.0321734539779708 -1.92742144895756 1
-2.22976842428776 -0.0472711412124693 2
-0.197352155609961 -0.296085442492522 1
5.81926797581148 -0.0705734656843385 1
1.4482170245275 -1.33811488557961 1
-6.13343121767422 1.08284970783103 2
4.27037738595075 -3.24810753297427 2
1.62150798274524 1.13255218732369 1
-0.100715315512575 -1.01822311343748 1
-0.0535908633302959 -1.00679577608471 1
-0.44936915938021 2.1174122809014 2
0.769678442865749 -1.2827154660544 1
-1.51160079911105 -2.95605075461273 2
0.831033754980024 -3.60911502453672 1
-2.79406807446222 2.00709823009406 1
0.60044062582427 -6.99986213201714 2
3.32051226199934 -1.25074672068907 1
1.5276183409614 0.54436916293697 1
3.10124902935334 -4.12488122445572 2
-3.27260628540785 0.0208888761712001 1
0.16437835341779 2.01072005680271 1
1.85175090816619 -5.47328576192973 2
-3.20401460319985 -2.66164187656914 1
4.69744301117538 5.28678733195148 1
-3.10442403295578 -1.96387326441819 2
0.493556125517519 -2.89828337978646 2
0.455496991065242 -2.57315568525056 2
0.365010905900563 -1.30295819873972 1
-0.631273750930405 0.557759658759493 2
1.34981036143861 -2.11100180074623 1
-3.09349347569239 0.605158797502638 1
-3.86809256466967 2.10585824182638 1
-1.96370591433974 1.00854453666035 1
-0.171972311543339 2.24947710388623 2
3.77024346107114 -2.40264700556566 2
4.76236241959363 -0.368224179192034 1
0.958444387634237 1.99286577450407 1
1.14477486807944 0.164873649704365 1
-0.730934650918335 0.638085101524162 2
0.144159252159102 0.152582039160262 2
-4.21363758330538 0.548750552008693 1
0.869801186687293 -0.07401878511547 1
-1.60666074688123 -3.29817299463275 2
1.00403631930165 0.521997993217435 1
-1.03794401746351 -1.36610016704784 1
-1.98484720450934 4.30733658540461 1
-0.657334130406139 -1.58877050883863 1
-1.10071473190112 0.456454188215584 2
3.28373462352711 -5.91978397228854 2
0.627624247311383 -1.97663628210358 1
1.29747427845965 -2.48535794664821 2
-3.72256075740233 3.69511062920126 1
4.49046512888405 -0.453257852805591 1
0.478111323482286 0.434868823969528 1
-2.56884421020976 0.900890736147088 1
0.927139936340463 -1.59333443779397 2
2.61130208953463 0.902145425052147 1
-4.15103141490468 4.51987212155945 1
5.07032091009168 1.8509781298704 1
-0.474092115535087 2.14320017460914 2
3.36351234194593 -2.50356847725569 2
0.216783957266745 0.537142617830416 2
-0.997268533700172 0.880039310145993 2
-5.50476013988059 -1.96530489027472 1
-3.30051665576157 0.352261645007798 1
-0.124020899752293 5.92058427119815 2
2.48355763535143 -2.92359969588427 1
-5.64503596246372 1.65884295362344 1
4.12632333697273 -3.2214633892568 2
4.19697139290893 1.05599030784132 1
-3.42994876773282 -3.12547432722288 1
1.41690168657933 1.7710534550578 1
-3.10091764006263 -3.80531969639626 2
-0.375599936064851 0.0614329941213495 2
2.78598821654005 4.02394877632302 1
2.60501894309631 -0.667422262348323 1
-2.54752381090043 -0.31919278261091 2
-1.1599093634267 4.21257093536927 1
-2.9284907129915 6.10888965948447 1
1.01863097971474 7.44931533812002 2
-4.67722549330132 -1.18087597329127 1
-7.88797632465408 -3.16540977197708 1
4.40943684561858 1.9534630272525 2
6.82041873898417 1.30678633277051 1
-1.36510062071649 3.85562470309993 1
2.28330746128468 0.450640103051093 1
-0.0225083511291634 0.482458078346876 2
4.42294139914798 4.54127590329947 1
1.66243179770814 0.485972309924897 1
0.610991895348453 2.04670538083302 1
-5.39740935529762 1.45355263499575 1
3.24886704239326 -0.133415761174363 1
-1.05256084514057 -1.60443348969084 1
-4.21047025414508 -1.01264353056725 1
-0.605389994739991 -5.84558090436902 2
-0.38033447937691 3.83536504949685 1
3.17762061799846 -4.78533248762414 2
-3.50218809679199 -1.7721014499292 1
-1.67293088195533 -1.11099313718926 1
4.46435978514948 3.61658507006357 1
4.07599730631009 0.17355211274451 1
3.48964363170709 2.83267586813028 2
4.98457183604364 -0.882695548477706 1
0.612092939489689 5.01410534532032 2
-1.74565106060932 1.46099345507065 2
1.66561218559027 1.64188265210425 1
3.17616937747778 2.63259295190711 1
7.24089981441315 -4.44669675818684 1
-5.89494699813356 -0.0315720372028643 2
0.819707109200452 0.643272745630884 1
1.96438374860894 -2.30018774501034 2
-0.163795966081149 0.0365115598952901 2
-4.67346674545534 -2.16402099254511 1
2.22450267625873 0.659242289038845 1
-2.33725722379176 -5.35448466966565 2
1.51758449649154 0.853228766020497 2
2.72265511805355 -1.90882048058583 1
3.85187103142378 2.81801969223572 2
-4.67359139215671 -5.91933149445971 2
3.24522554453735 0.127539927917559 1
-2.27094407083806 -0.662728927387381 2
-3.86705842154688 2.8215708393852 1
3.9429619977583 -4.74003332643844 2
3.43877991979493 -1.6461930451949 2
-0.727749803115011 2.13558455208564 2
2.27862211871503 1.8386208677955 2
-2.58097722426918 1.06900232279676 2
-0.453094737156131 0.865710921806636 2
-0.281169701282616 -5.00562514208285 2
-0.842220163512012 2.55318659153561 2
2.20229620949173 0.647328190350248 1
4.61198260648784 -5.44412125589063 2
-1.36731318833671 -0.520353990456326 1
-0.0979753570671868 2.86130328381599 2
4.91027204749649 2.11136275343345 2
-0.987125911579614 -1.89385485120773 1
-7.81211451182131 2.72277530462956 1
1.54195135934379 -1.19088997720094 1
-2.65940403333377 1.14587689636041 1
-2.99561521801178 2.78559810342796 1
4.26245044075456 1.17172826630451 1
7.3439940210457 -1.95810764624148 2
-3.11934762421063 2.4599471004437 1
3.09307554500028 4.43229025734995 1
-0.282443515108899 -2.7875893013779 1
0.425422377661343 -0.546582999557955 1
3.66671010436921 3.01097541502319 2
0.641023555323198 -2.55597566438612 1
-2.55409606158227 -5.15812740888954 2
-1.41122662422858 -1.48409710591431 2
2.05840576589662 3.19946933237499 1
-7.0078419955797 -4.08554289823038 1
3.28573314554542 -0.744911491802279 1
-4.70145029649672 2.88579023444589 1
0.0657931884551472 0.140782362815487 2
-0.57107693277588 1.70075716300504 2
3.87920845807303 4.87194048014706 2
0.566547945169888 2.70231363436546 1
0.305817404715636 1.77357195441786 2
2.09440742657579 1.47295922455147 1
-2.4810436685713 -3.47524981090978 2
-0.587696568199128 2.51759068031965 2
3.5327532414233 1.62631986561606 1
2.05042086293955 1.21086220281696 2
-3.82649012025758 0.171601031324856 2
1.91386910223264 -3.81314364930345 2
-4.13276887381116 0.460781255930185 1
-1.79493241115901 3.76486828565294 1
3.63276115157102 -1.8351388795439 2
-6.75313552633756 -5.40254774243026 1
-5.33704257264248 5.5140836105578 2
3.90411801847927 -1.69283381035883 2
-2.44437835215796 3.42106980195715 1
3.73112105573674 1.87216041141844 1
-0.504750602268318 4.97320830073667 2
1.28332703508877 -0.126271753641927 1
2.43983666888772 -0.901333584518961 1
-1.95363560808013 5.1967739374551 1
-0.913772769439816 6.46958947019843 1
-1.24529150893691 0.955556641053761 2
8.44825282806713 0.509541136570321 1
0.378441207292738 2.22704849487317 2
1.41840126933326 -2.01761007122859 2
-1.02226062282285 1.49347845716232 2
-0.725371927963829 -2.96883600642214 2
4.13626400657194 -0.89243884323689 1
-1.01665100861217 2.38465060149501 2
0.0604089082822827 -2.28886023052609 1
1.1308864924232 2.55258187089432 2
-1.29517123511363 1.50653717905828 1
5.8771924685311 4.30122760654818 1
-4.28537883666352 6.4969889680642 1
6.03387893953688 -1.72612727271162 2
-1.05477566663754 1.17191649781012 2
4.07135894054847 4.67599134328764 1
-5.99753223302241 0.597136283179657 1
2.86824186428536 -1.96143900395904 2
2.6292937949306 -2.99271241624572 1
-3.81365091468026 4.20133290962789 1
-2.30497163546889 7.79847511705212 1
0.580574536410665 -3.14190084903274 2
3.43150628639103 0.331611912066299 1
-2.29799791208602 -4.70420743684305 2
-0.672377997159895 0.209013618942456 2
4.71404080493201 -0.921539594256962 1
-3.38204172255448 -0.0361598587611662 1
2.84338194215057 8.68456317241402 2
1.34630456770469 -4.19604143537901 2
-3.31744358566898 1.29634020511936 1
-2.00360352652134 5.49797315013406 1
2.34983253090659 -1.83306763024759 1
0.74687829813638 -2.45802813948056 2
4.27529483240243 0.14492838133743 1
-1.80535188627476 3.90165410986929 1
-5.14346308913843 -1.02937452121498 1
3.14348077943479 -3.07737381233503 2
-1.82586485530239 0.211645625377667 2
0.361021580467667 -6.05345780433221 2
5.1571254415554 -4.4263653629613 2
-0.751242156933586 3.25938839427289 2
4.64866598219093 1.37644672332715 1
-3.29141894979734 -6.52198928989192 2
2.77653370834871 1.8528487716688 2
0.740397635612994 -6.91438605734675 2
-2.21031461805435 -1.34090613553532 2
-3.84002681666896 0.898472030876159 1
0.229930990783524 -4.28542376017373 2
0.765494287362246 3.80249245209872 1
0.832340451104035 3.64351736983593 2
1.61056806669464 -2.02456779312831 1
-1.38145669793013 3.36306572964735 2
